20227061	20227066	20227055	20227056	20227061	20227063	20227055	20227061	20227070	20227057
20227061	20227055	20227056	20227061	20227033	20227056	20227061	20227070	20227064	20227053
20227061	20227061	20227056	20227058	20227061	20227055	20227061	20227067	20227061	20227061
20227058	20227055	20227061	20227071	20227055	20227064	20227064	20227053	20227061	20227067
20227070	20227058	20227061	20227058	20227056	20227061	20227058	20227061	20227061	20227051
20227057	20227056	20227064	20227070	20227071	20227053	20227055	20227067	20227058	20227061
20227071	20227061	20227055	20227055	20227061	20227056	20227063	20227058	20227061	20227061
20227061	20227061	20227061	20227061	20227061	20227070	20227055	20227061	20227055	20227055
20227071	20227055	20227055	20227070	20227061	20227035	20227071	20227067	20227068	20227055
20227055	20227068	20227061	20227055	20227061	20227068	20227058	20227064	20227064	20227061
20227055	20227067	20227061	20227070	20227056	20227064	20227070	20227058	20227058	20227061
20227061	20227068	20227061	20227058	20227058	20227058	20227061	20227070	20227061	20227068
20227055	20227070	20227063	20227070	20227063	20227056	20227071	20227061	20227061	20227061
20227061	20227049	20227056	20227070	20227071	20227061	20227071	20227061	20227061	20227061
20227070	20227053	20227061	20227061	20227061	20227061	20227058	20227061	20227067	20227042
20227053	20227056	20227058	20227061	20227070	20227058	20227058	20227055	20227058	20227056
20227071	20227061	20227054	20227061	20227061	20227052	20227070	20227070	20227070	20227068
20227056	20227054	20227058	20227063	20227058	20227070	20227063	20227055	20227052	20227057
20227061	20227049	20227061	20227056	20227055	20227052	20227058	20227064	20227061	20227058
20227061	20227063	20227058	20227061	20227061	20227070	20227071	20227061	20227061	20227058
20227057	20227070	20227061	20227061	20227058	20227061	20227061	20227058	20227071	20227058
20227058	20227061	20227064	20227061	20227058	20227067	20227061	20227061	20227050	20227056
20227056	20227057	20227070	20227061	20227071	20227061	20227049	20227058	20227055	20227058
20227061	20227064	20227053	20227061	20227061	20227061	20227066	20227061	20227061	20227055
20227058	20227055	20227061	20227061	20227068	20227061	20227061	20227061	20227061	20227068
20227071	20227040	20227071	20227070	20227055	20227061	20227033	20227061	20227058	20227061
20227061	20227063	20227061	20227063	20227055	20227061	20227070	20227061	20227070	20227050
20227061	20227058	20227058	20227058	20227053	20227061	20227056	20227058	20227064	20227061
20227061	20227050	20227061	20227061	20227061	20227070	20227061	20227070	20227055	20227055
20227067	20227061	20227061	20227058	20227061	20227055	20227058	20227061	20227058	20227070
20227071	20227055	20227056	20227054	20227067	20227070	20227049	20227061	20227056	20227065
20227061	20227063	20227070	20227061	20227058	20227062	20227058	20227058	20227055	20227061
20227068	20227056	20227057	20227064	20227067	20227055	20227056	20227055	20227061	20227061
20227071	20227067	20227061	20227058	20227053	20227055	20227056	20227063	20227061	20227070
20227058	20227056	20227055	20227061	20227058	20227061	20227061	20227061	20227053	20227058
20227038	20227056	20227061	20227055	20227053	20227058	20227055	20227064	20227070	20227058
20227070	20227063	20227068	20227061	20227068	20227061	20227058	20227058	20227050	20227061
20227064	20227070	20227061	20227055	20227061	20227064	20227070	20227071	20227055	20227056
20227058	20227056	20227055	20227061	20227067	20227061	20227070	20227061	20227061	20227061
20227061	20227058	20227052	20227070	20227067	20227063	20227061	20227058	20227058	20227063
20227061	20227056	20227055	20227061	20227058	20227057	20227063	20227058	20227053	20227061
20227071	20227070	20227064	20227061	20227055	20227061	20227060	20227056	20227058	20227058
20227058	20227055	20227053	20227056	20227055	20227058	20227046	20227058	20227058	20227067
20227061	20227067	20227061	20227050	20227050	20227055	20227055	20227055	20227058	20227061
20227056	20227055	20227070	20227055	20227056	20227055	20227055	20227064	20227056	20227070
20227056	20227070	20227061	20227070	20227054	20227058	20227053	20227061	20227064	20227058
20227055	20227061	20227063	20227061	20227068	20227061	20227063	20227056	20227055	20227068
20227061	20227056	20227061	20227068	20227070	20227061	20227063	20227061	20227061	20227071
20227068	20227061	20227053	20227061	20227064	20227061	20227064	20227054	20227071	20227058
20227061	20227058	20227055	20227071	20227056	20227058	20227054	20227071	20227061	20227061
20227071	20227071	20227058	20227058	20227040	20227061	20227061	20227068	20227049	20227061
20227061	20227055	20227061	20227054	20227067	20227063	20227063	20227067	20227071	20227067
20227061	20227061	20227068	20227055	20227071	20227071	20227071	20227058	20227056	20227061
20227061	20227063	20227058	20227061	20227057	20227054	20227061	20227061	20227061	20227070
20227054	20227071	20227061	20227061	20227057	20227061	20227055	20227064	20227061	20227058
20227061	20227061	20227070	20227058	20227064	20227061	20227061	20227056	20227058	20227067
20227070	20227054	20227061	20227058	20227058	20227056	20227061	20227067	20227061	20227064
20227070	20227061	20227064	20227061	20227067	20227055	20227061	20227055	20227061	20227070
20227061	20227053	20227058	20227055	20227061	20227071	20227058	20227058	20227071	20227071
20227071	20227061	20227056	20227055	20227055	20227053	20227061	20227071	20227058	20227056
20227053	20227058	20227061	20227061	20227064	20227064	20227061	20227061	20227064	20227064
20227061	20227058	20227061	20227061	20227055	20227061	20227055	20227052	20227055	20227050
20227056	20227055	20227061	20227061	20227070	20227058	20227061	20227055	20227055	20227061
20227058	20227058	20227068	20227071	20227060	20227058	20227058	20227058	20227061	20227068
20227061	20227058	20227061	20227061	20227058	20227068	20227056	20227058	20227057	20227056
20227055	20227058	20227061	20227061	20227070	20227070	20227061	20227056	20227061	20227061
20227058	20227056	20227058	20227061	20227055	20227063	20227058	20227061	20227070	20227061
20227067	20227071	20227058	20227058	20227063	20227070	20227071	20227067	20227061	20227061
20227055	20227063	20227061	20227061	20227061	20227058	20227058	20227055	20227061	20227070
20227055	20227070	20227055	20227063	20227055	20227070	20227071	20227056	20227058	20227061
20227053	20227061	20227058	20227070	20227063	20227061	20227061	20227061	20227061	20227071
20227056	20227053	20227055	20227055	20227055	20227061	20227061	20227058	20227061	20227061
20227061	20227061	20227071	20227064	20227064	20227058	20227061	20227071	20227067	20227058
20227061	20227063	20227056	20227071	20227061	20227061	20227061	20227061	20227056	20227061
20227058	20227058	20227055	20227061	20227056	20227061	20227070	20227060	20227061	20227061
20227067	20227061	20227055	20227056	20227060	20227061	20227061	20227053	20227061	20227062
20227056	20227070	20227058	20227061	20227061	20227058	20227061	20227061	20227061	20227061
20227067	20227048	20227056	20227058	20227049	20227058	20227055	20227058	20227061	20227063
20227061	20227056	20227056	20227063	20227058	20227049	20227071	20227058	20227070	20227053
20227058	20227055	20227055	20227058	20227050	20227067	20227054	20227067	20227071	20227061
20227061	20227061	20227064	20227063	20227070	20227061	20227056	20227067	20227061	20227056
20227063	20227067	20227055	20227064	20227056	20227058	20227068	20227061	20227067	20227058
20227058	20227058	20227058	20227061	20227057	20227061	20227055	20227063	20227061	20227061
20227070	20227061	20227064	20227070	20227070	20227061	20227061	20227064	20227061	20227053
20227054	20227067	20227061	20227061	20227061	20227058	20227055	20227070	20227061	20227067
20227061	20227071	20227071	20227064	20227071	20227056	20227061	20227055	20227061	20227070
20227071	20227053	20227058	20227061	20227058	20227058	20227056	20227056	20227058	20227061
20227053	20227055	20227058	20227056	20227070	20227070	20227061	20227070	20227061	20227061
20227063	20227064	20227071	20227061	20227068	20227061	20227061	20227056	20227056	20227056
20227070	20227056	20227061	20227070	20227050	20227050	20227061	20227054	20227061	20227070
20227058	20227061	20227070	20227070	20227056	20227058	20227063	20227055	20227061	20227053
20227056	20227061	20227056	20227056	20227063	20227061	20227054	20227058	20227058	20227055
20227056	20227071	20227055	20227061	20227064	20227061	20227055	20227061	20227058	20227070
20227061	20227063	20227061	20227070	20227071	20227053	20227064	20227064	20227063	20227055
20227061	20227071	20227056	20227061	20227064	20227058	20227067	20227071	20227050	20227061
20227058	20227065	20227070	20227071	20227071	20227056	20227056	20227068	20227071	20227058
20227061	20227050	20227055	20227066	20227063	20227056	20227070	20227055	20227070	20227068
20227064	20227056	20227056	20227063	20227068	20227067	20227061	20227061	20227061	20227071
20227070	20227061	20227070	20227061	20227058	20227056	20227061	20227070	20227070	20227071
20227071	20227058	20227071	20227050	20227061	20227071	20227061	20227058	20227070	20227061
20227070	20227068	20227070	20227058	20227061	20227071	20227063	20227063	20227061	20227063
20227061	20227068	20227064	20227070	20227061	20227058	20227058	20227070	20227065	20227058
20227067	20227057	20227071	20227056	20227055	20227036	20227053	20227063	20227053	20227061
20227067	20227058	20227071	20227061	20227058	20227061	20227061	20227067	20227056	20227071
20227058	20227067	20227061	20227061	20227067	20227061	20227070	20227058	20227061	20227056
20227058	20227058	20227070	20227056	20227058	20227061	20227068	20227061	20227055	20227053
20227055	20227071	20227070	20227071	20227058	20227061	20227058	20227056	20227061	20227056
20227064	20227070	20227058	20227064	20227056	20227064	20227070	20227070	20227061	20227061
20227058	20227055	20227061	20227056	20227070	20227071	20227056	20227071	20227055	20227058
20227071	20227061	20227064	20227071	20227070	20227055	20227067	20227061	20227058	20227071
20227056	20227061	20227052	20227055	20227070	20227055	20227056	20227056	20227071	20227054
20227055	20227061	20227061	20227061	20227067	20227070	20227053	20227061	20227070	20227061
20227055	20227061	20227071	20227061	20227064	20227061	20227061	20227055	20227052	20227067
20227049	20227064	20227056	20227058	20227068	20227033	20227056	20227061	20227061	20227054
20227061	20227053	20227071	20227055	20227055	20227053	20227052	20227071	20227056	20227070
20227055	20227053	20227055	20227071	20227061	20227061	20227061	20227061	20227071	20227056
20227061	20227061	20227070	20227061	20227061	20227069	20227058	20227064	20227061	20227053
20227053	20227070	20227071	20227061	20227071	20227061	20227061	20227070	20227058	20227071
20227061	20227071	20227061	20227061	20227056	20227061	20227067	20227055	20227070	20227055
20227070	20227056	20227063	20227070	20227058	20227064	20227058	20227061	20227058	20227070
20227056	20227056	20227063	20227067	20227061	20227061	20227061	20227070	20227054	20227061
20227061	20227056	20227053	20227061	20227055	20227053	20227064	20227056	20227049	20227061
20227061	20227055	20227055	20227070	20227061	20227061	20227064	20227058	20227055	20227061
20227061	20227070	20227056	20227053	20227061	20227071	20227049	20227061	20227068	20227061
20227061	20227064	20227061	20227058	20227053	20227063	20227061	20227064	20227067	20227070
20227056	20227061	20227063	20227061	20227061	20227058	20227064	20227055	20227050	20227056
20227061	20227058	20227061	20227061	20227061	20227061	20227068	20227070	20227053	20227061
20227061	20227064	20227052	20227061	20227068	20227061	20227061	20227053	20227070	20227061
20227056	20227064	20227058	20227053	20227061	20227061	20227061	20227054	20227061	20227063
20227067	20227058	20227067	20227055	20227058	20227070	20227061	20227061	20227061	20227071
20227056	20227061	20227063	20227056	20227064	20227061	20227056	20227058	20227055	20227061
20227058	20227063	20227061	20227061	20227048	20227051	20227061	20227056	20227070	20227061
20227061	20227061	20227070	20227070	20227054	20227068	20227071	20227058	20227055	20227070
20227058	20227071	20227055	20227070	20227057	20227055	20227053	20227058	20227056	20227070
20227058	20227061	20227061	20227054	20227061	20227070	20227058	20227057	20227056	20227049
20227067	20227058	20227061	20227071	20227061	20227058	20227068	20227056	20227061	20227055
20227061	20227058	20227067	20227070	20227064	20227055	20227061	20227067	20227061	20227058
20227055	20227061	20227064	20227056	20227061	20227058	20227055	20227061	20227070	20227053
20227049	20227070	20227064	20227065	20227058	20227064	20227056	20227056	20227067	20227061
20227071	20227071	20227058	20227056	20227058	20227058	20227058	20227056	20227061	20227061
20227067	20227068	20227061	20227056	20227061	20227061	20227056	20227070	20227056	20227056
20227070	20227056	20227055	20227061	20227055	20227061	20227061	20227058	20227061	20227063
20227071	20227064	20227061	20227055	20227064	20227055	20227063	20227048	20227070	20227068
20227064	20227054	20227070	20227056	20227055	20227061	20227070	20227061	20227067	20227061
20227058	20227061	20227058	20227061	20227055	20227061	20227058	20227063	20227058	20227064
20227061	20227061	20227057	20227055	20227058	20227056	20227061	20227058	20227055	20227061
20227055	20227064	20227064	20227071	20227054	20227058	20227061	20227061	20227056	20227064
20227058	20227061	20227064	20227064	20227061	20227049	20227063	20227067	20227064	20227061
20227058	20227071	20227056	20227061	20227061	20227055	20227061	20227061	20227055	20227070
20227061	20227070	20227064	20227058	20227061	20227067	20227056	20227061	20227064	20227061

