20227062	20227058	20227055	20227062	20227058	20227058	20227062	20227071	20227058	20227062
20227056	20227064	20227055	20227055	20227056	20227062	20227062	20227071	20227067	20227062
20227063	20227064	20227058	20227062	20227070	20227063	20227055	20227053	20227063	20227056
20227052	20227062	20227055	20227062	20227064	20227064	20227062	20227053	20227062	20227070
20227070	20227063	20227062	20227062	20227070	20227062	20227062	20227070	20227070	20227064
20227071	20227062	20227070	20227062	20227055	20227070	20227058	20227070	20227063	20227064
20227062	20227062	20227056	20227056	20227070	20227062	20227064	20227055	20227063	20227064
20227064	20227062	20227062	20227062	20227056	20227063	20227062	20227052	20227062	20227062
20227055	20227055	20227055	20227070	20227067	20227052	20227056	20227055	20227056	20227063
20227062	20227058	20227071	20227056	20227071	20227058	20227064	20227058	20227062	20227062
20227062	20227062	20227058	20227056	20227048	20227067	20227062	20227064	20227058	20227062
20227062	20227064	20227071	20227062	20227070	20227062	20227062	20227070	20227058	20227064
20227062	20227056	20227058	20227058	20227062	20227063	20227062	20227067	20227071	20227064
20227049	20227056	20227071	20227055	20227054	20227070	20227062	20227058	20227062	20227054
20227058	20227062	20227054	20227062	20227055	20227062	20227062	20227050	20227058	20227071
20227055	20227071	20227058	20227063	20227058	20227062	20227062	20227054	20227055	20227062
20227056	20227062	20227070	20227062	20227070	20227070	20227056	20227063	20227055	20227055
20227056	20227056	20227050	20227062	20227064	20227063	20227058	20227062	20227049	20227062
20227062	20227062	20227063	20227070	20227071	20227068	20227062	20227064	20227070	20227070
20227070	20227056	20227058	20227056	20227058	20227062	20227062	20227055	20227062	20227070
20227050	20227062	20227055	20227068	20227070	20227055	20227062	20227052	20227062	20227062
20227062	20227055	20227059	20227057	20227071	20227062	20227056	20227068	20227062	20227071
20227067	20227058	20227062	20227062	20227062	20227058	20227062	20227058	20227070	20227053
20227062	20227062	20227058	20227064	20227062	20227070	20227062	20227070	20227052	20227062
20227062	20227058	20227070	20227063	20227070	20227058	20227056	20227063	20227058	20227047
20227056	20227070	20227058	20227056	20227050	20227064	20227071	20227062	20227070	20227062
20227062	20227070	20227064	20227062	20227055	20227062	20227055	20227055	20227058	20227056
20227068	20227062	20227062	20227055	20227070	20227070	20227058	20227062	20227062	20227070
20227056	20227058	20227066	20227062	20227062	20227057	20227062	20227056	20227056	20227062
20227058	20227071	20227062	20227064	20227056	20227062	20227056	20227070	20227058	20227062
20227058	20227068	20227056	20227062	20227068	20227062	20227066	20227064	20227062	20227071
20227062	20227062	20227070	20227063	20227071	20227055	20227062	20227055	20227070	20227049
20227071	20227062	20227062	20227058	20227058	20227055	20227062	20227056	20227070	20227058
20227062	20227064	20227062	20227051	20227062	20227071	20227062	20227062	20227062	20227062
20227068	20227062	20227067	20227058	20227063	20227062	20227047	20227058	20227062	20227067
20227064	20227070	20227055	20227062	20227058	20227062	20227063	20227055	20227058	20227062
20227057	20227062	20227062	20227062	20227062	20227067	20227055	20227070	20227063	20227058
20227062	20227055	20227064	20227055	20227056	20227062	20227067	20227070	20227056	20227070
20227068	20227055	20227062	20227058	20227053	20227062	20227064	20227068	20227062	20227062
20227064	20227071	20227062	20227053	20227067	20227058	20227057	20227058	20227058	20227055
20227050	20227062	20227055	20227062	20227070	20227062	20227070	20227058	20227063	20227067
20227070	20227070	20227056	20227062	20227062	20227062	20227062	20227058	20227062	20227067
20227056	20227051	20227064	20227058	20227034	20227034	20227063	20227070	20227062	20227062
20227055	20227058	20227058	20227056	20227055	20227054	20227068	20227062	20227062	20227064
20227064	20227056	20227036	20227064	20227056	20227055	20227062	20227062	20227056	20227058
20227058	20227055	20227062	20227063	20227058	20227053	20227067	20227064	20227062	20227056
20227056	20227062	20227048	20227056	20227064	20227062	20227056	20227071	20227071	20227071
20227070	20227062	20227058	20227064	20227062	20227071	20227058	20227070	20227054	20227062
20227062	20227062	20227064	20227055	20227064	20227071	20227067	20227055	20227062	20227058
20227036	20227062	20227055	20227068	20227053	20227058	20227058	20227062	20227071	20227062
20227062	20227055	20227056	20227062	20227056	20227062	20227062	20227062	20227058	20227055
20227055	20227053	20227062	20227071	20227055	20227056	20227063	20227054	20227058	20227062
20227063	20227058	20227070	20227068	20227056	20227062	20227062	20227064	20227064	20227055
20227062	20227054	20227058	20227056	20227063	20227058	20227062	20227058	20227071	20227062
20227056	20227071	20227058	20227055	20227063	20227062	20227058	20227070	20227063	20227058
20227056	20227068	20227070	20227053	20227062	20227058	20227058	20227068	20227068	20227064
20227068	20227057	20227055	20227055	20227070	20227062	20227056	20227064	20227067	20227062
20227062	20227071	20227070	20227071	20227070	20227062	20227062	20227062	20227070	20227056
20227062	20227067	20227062	20227071	20227064	20227062	20227049	20227052	20227071	20227063
20227055	20227058	20227062	20227062	20227055	20227062	20227062	20227055	20227067	20227063
20227062	20227056	20227062	20227064	20227071	20227062	20227053	20227056	20227056	20227070
20227056	20227071	20227062	20227058	20227062	20227068	20227055	20227058	20227062	20227070
20227058	20227058	20227063	20227062	20227071	20227055	20227071	20227058	20227062	20227062
20227053	20227056	20227056	20227062	20227062	20227054	20227058	20227062	20227062	20227067
20227071	20227062	20227058	20227058	20227058	20227062	20227056	20227055	20227062	20227063
20227070	20227062	20227063	20227041	20227062	20227062	20227062	20227062	20227062	20227048
20227062	20227070	20227055	20227056	20227058	20227058	20227070	20227068	20227062	20227062
20227058	20227062	20227062	20227062	20227058	20227062	20227056	20227056	20227071	20227068
20227056	20227071	20227058	20227062	20227050	20227065	20227067	20227067	20227062	20227055
20227064	20227058	20227058	20227062	20227058	20227070	20227067	20227063	20227053	20227070
20227071	20227058	20227056	20227070	20227062	20227068	20227058	20227049	20227071	20227058
20227063	20227053	20227064	20227062	20227062	20227070	20227062	20227063	20227058	20227062
20227071	20227071	20227071	20227062	20227058	20227062	20227062	20227058	20227062	20227062
20227058	20227071	20227062	20227064	20227056	20227053	20227062	20227064	20227063	20227062
20227070	20227063	20227062	20227070	20227055	20227058	20227070	20227062	20227055	20227063
20227049	20227055	20227056	20227062	20227055	20227064	20227070	20227055	20227071	20227062
20227054	20227071	20227070	20227071	20227071	20227067	20227071	20227056	20227058	20227055
20227062	20227055	20227062	20227062	20227071	20227062	20227062	20227055	20227055	20227064
20227058	20227056	20227054	20227062	20227071	20227056	20227056	20227058	20227055	20227058
20227067	20227063	20227040	20227062	20227058	20227055	20227055	20227055	20227056	20227070
20227055	20227056	20227070	20227062	20227062	20227068	20227056	20227070	20227062	20227058
20227068	20227058	20227055	20227052	20227065	20227056	20227058	20227052	20227064	20227070
20227058	20227070	20227058	20227058	20227070	20227062	20227062	20227062	20227063	20227064
20227067	20227058	20227064	20227054	20227055	20227064	20227054	20227062	20227058	20227062
20227064	20227055	20227070	20227068	20227068	20227062	20227064	20227053	20227070	20227054
20227062	20227055	20227071	20227058	20227055	20227058	20227062	20227058	20227062	20227062
20227071	20227062	20227054	20227064	20227070	20227056	20227058	20227062	20227070	20227062
20227056	20227054	20227062	20227064	20227071	20227070	20227062	20227055	20227056	20227054
20227053	20227062	20227070	20227055	20227062	20227070	20227055	20227071	20227068	20227055
20227062	20227041	20227062	20227062	20227063	20227070	20227063	20227070	20227062	20227062
20227063	20227055	20227062	20227055	20227062	20227064	20227070	20227057	20227064	20227071
20227068	20227062	20227071	20227062	20227058	20227062	20227070	20227058	20227058	20227067
20227058	20227070	20227058	20227071	20227062	20227071	20227058	20227071	20227062	20227062
20227062	20227032	20227052	20227056	20227056	20227049	20227056	20227062	20227062	20227055
20227064	20227056	20227067	20227056	20227062	20227062	20227056	20227070	20227062	20227068
20227062	20227062	20227058	20227062	20227056	20227050	20227053	20227058	20227063	20227064
20227058	20227062	20227052	20227062	20227062	20227070	20227070	20227062	20227040	20227063
20227056	20227057	20227067	20227055	20227070	20227058	20227067	20227070	20227062	20227062
20227067	20227062	20227071	20227062	20227071	20227064	20227070	20227066	20227056	20227058
20227062	20227058	20227053	20227058	20227062	20227070	20227058	20227071	20227053	20227058
20227058	20227071	20227070	20227062	20227068	20227062	20227062	20227062	20227053	20227055
20227062	20227058	20227062	20227064	20227056	20227053	20227071	20227057	20227062	20227058
20227070	20227056	20227062	20227070	20227068	20227068	20227062	20227071	20227056	20227050
20227056	20227068	20227063	20227070	20227066	20227058	20227058	20227062	20227062	20227062
20227062	20227062	20227062	20227070	20227058	20227070	20227062	20227067	20227070	20227071
20227062	20227068	20227062	20227070	20227055	20227066	20227052	20227062	20227062	20227062
20227068	20227058	20227058	20227071	20227056	20227054	20227062	20227058	20227056	20227056
20227055	20227062	20227055	20227062	20227062	20227070	20227067	20227071	20227070	20227057
20227058	20227062	20227068	20227055	20227050	20227071	20227062	20227055	20227058	20227056
20227057	20227062	20227071	20227058	20227064	20227068	20227058	20227056	20227058	20227054
20227067	20227071	20227062	20227062	20227070	20227051	20227062	20227055	20227062	20227071
20227062	20227056	20227056	20227062	20227070	20227067	20227062	20227062	20227058	20227062
20227071	20227056	20227056	20227070	20227064	20227055	20227067	20227062	20227058	20227056
20227058	20227055	20227068	20227058	20227056	20227058	20227055	20227053	20227055	20227054
20227062	20227062	20227063	20227062	20227070	20227062	20227062	20227058	20227070	20227062
20227062	20227062	20227062	20227071	20227050	20227056	20227062	20227054	20227062	20227062
20227063	20227063	20227055	20227071	20227062	20227062	20227055	20227062	20227062	20227056
20227070	20227055	20227071	20227056	20227062	20227053	20227062	20227071	20227055	20227055
20227055	20227062	20227062	20227056	20227068	20227062	20227056	20227058	20227054	20227054
20227062	20227063	20227062	20227070	20227056	20227071	20227070	20227062	20227062	20227058
20227062	20227054	20227056	20227062	20227056	20227071	20227056	20227070	20227071	20227053
20227058	20227056	20227055	20227070	20227062	20227062	20227058	20227055	20227071	20227064
20227062	20227071	20227070	20227064	20227056	20227058	20227062	20227050	20227062	20227070
20227049	20227070	20227056	20227062	20227058	20227067	20227055	20227058	20227062	20227062
20227070	20227056	20227056	20227062	20227071	20227058	20227070	20227055	20227062	20227058
20227062	20227056	20227070	20227062	20227055	20227062	20227055	20227055	20227063	20227070
20227056	20227070	20227071	20227064	20227058	20227056	20227058	20227049	20227062	20227068
20227062	20227062	20227053	20227056	20227058	20227070	20227062	20227068	20227067	20227064
20227056	20227055	20227062	20227062	20227062	20227062	20227062	20227062	20227056	20227054
20227056	20227062	20227058	20227055	20227054	20227062	20227062	20227058	20227056	20227058
20227053	20227056	20227062	20227062	20227062	20227058	20227055	20227062	20227067	20227070
20227058	20227058	20227058	20227062	20227070	20227068	20227057	20227062	20227070	20227055
20227070	20227049	20227049	20227068	20227062	20227055	20227056	20227062	20227058	20227056
20227071	20227053	20227058	20227071	20227062	20227055	20227062	20227071	20227062	20227062
20227062	20227056	20227055	20227062	20227056	20227071	20227063	20227056	20227071	20227056
20227058	20227062	20227068	20227062	20227058	20227058	20227070	20227071	20227062	20227056
20227062	20227058	20227058	20227053	20227055	20227062	20227049	20227063	20227062	20227056
20227070	20227058	20227058	20227068	20227062	20227062	20227064	20227070	20227064	20227070
20227062	20227062	20227058	20227063	20227062	20227056	20227062	20227054	20227070	20227070
20227071	20227062	20227062	20227062	20227054	20227068	20227058	20227071	20227062	20227064
20227055	20227062	20227055	20227071	20227056	20227062	20227062	20227062	20227070	20227055
20227053	20227062	20227062	20227062	20227058	20227055	20227058	20227063	20227053	20227056
20227062	20227056	20227062	20227064	20227062	20227071	20227062	20227063	20227070	20227058
20227062	20227062	20227070	20227070	20227058	20227071	20227055	20227062	20227055	20227070
20227064	20227063	20227066	20227055	20227062	20227058	20227055	20227062	20227064	20227053
20227067	20227062	20227062	20227062	20227056	20227070	20227062	20227062	20227062	20227068
20227070	20227055	20227071	20227058	20227062	20227071	20227062	20227058	20227054	20227058
20227058	20227058	20227056	20227063	20227068	20227062	20227062	20227056	20227062	20227062
20227070	20227064	20227056	20227064	20227062	20227056	20227053	20227055	20227064	20227058
20227058	20227064	20227054	20227066	20227062	20227070	20227062	20227062	20227070	20227056
20227062	20227055	20227062	20227062	20227064	20227068	20227062	20227058	20227058	20227071
20227055	20227062	20227062	20227070	20227056	20227062	20227062	20227058	20227062	20227066
20227070	20227055	20227064	20227058	20227055	20227057	20227058	20227070	20227062	20227055
20227068	20227054	20227063	20227062	20227071	20227055	20227062	20227066	20227055	20227068
20227065	20227052	20227062	20227062	20227056	20227070	20227070	20227062	20227056	20227033
20227055	20227054	20227062	20227062	20227062	20227058	20227055	20227071	20227062	20227070
20227062	20227070	20227056	20227054	20227056	20227054	20227063	20227062	20227062	20227070
20227063	20227058	20227071	20227062	20227058	20227070	20227067	20227064	20227070	20227070
20227071	20227062	20227058	20227062	20227054	20227070	20227062	20227064	20227063	20227058
20227064	20227067	20227056	20227062	20227062	20227070	20227067	20227064	20227067	20227055
20227050	20227066	20227062	20227068	20227062	20227053	20227064	20227067	20227062	20227062
20227058	20227063	20227067	20227053	20227056	20227071	20227055	20227058	20227058	20227063
20227053	20227055	20227055	20227071	20227068	20227058	20227065	20227070	20227056	20227070
20227055	20227070	20227063	20227062	20227070	20227068	20227070	20227071	20227062	20227071
20227056	20227058	20227070	20227070	20227070	20227058	20227068	20227062	20227070	20227056
20227056	20227062	20227062	20227071	20227053	20227065	20227070	20227058	20227062	20227063
20227065	20227052	20227070	20227056	20227068	20227062	20227056	20227055	20227056	20227062
20227062	20227058	20227058	20227062	20227058	20227058	20227052	20227070	20227062	20227064
20227058	20227070	20227070	20227056	20227058	20227062	20227070	20227062	20227054	20227062
20227058	20227062	20227070	20227062	20227066	20227053	20227067	20227070	20227057	20227055
20227062	20227071	20227055	20227064	20227053	20227055	20227064	20227062	20227055	20227062
20227067	20227070	20227062	20227064	20227070	20227062	20227058	20227063	20227048	20227070
20227068	20227058	20227058	20227058	20227062	20227062	20227071	20227062	20227062	20227058
20227070	20227058	20227062	20227056	20227056	20227062	20227062	20227056	20227062	20227070
20227062	20227064	20227062	20227062	20227070	20227062	20227070	20227055	20227062	20227056
20227062	20227071	20227049	20227055	20227062	20227053	20227071	20227062	20227058	20227056
20227070	20227071	20227058	20227058	20227058	20227070	20227062	20227068	20227063	20227058
20227062	20227055	20227055	20227070	20227041	20227056	20227055	20227070	20227062	20227062
20227064	20227070	20227068	20227056	20227062	20227058	20227070	20227068	20227062	20227062
20227062	20227062	20227055	20227062	20227058	20227062	20227053	20227062	20227056	20227062
20227070	20227070	20227062	20227058	20227071	20227055	20227056	20227058	20227064	20227058
20227062	20227062	20227071	20227056	20227067	20227055	20227071	20227071	20227058	20227070
20227056	20227053	20227058	20227064	20227053	20227068	20227064	20227033	20227062	20227068
20227062	20227062	20227055	20227058	20227070	20227062	20227063	20227062	20227055	20227058
20227062	20227058	20227070	20227068	20227067	20227058	20227062	20227062	20227067	20227058
20227055	20227058	20227055	20227056	20227062	20227055	20227070	20227070	20227062	20227052
20227054	20227057	20227064	20227058	20227062	20227067	20227071	20227064	20227055	20227062
20227062	20227062	20227036	20227068	20227058	20227070	20227062	20227063	20227063	20227062
20227056	20227062	20227056	20227058	20227055	20227070	20227062	20227063	20227058	20227055
20227054	20227068	20227062	20227055	20227062	20227070	20227068	20227053	20227062	20227058
20227070	20227062	20227063	20227062	20227064	20227071	20227070	20227068	20227062	20227070
20227062	20227056	20227056	20227067	20227058	20227062	20227055	20227062	20227064	20227056
20227068	20227056	20227055	20227055	20227062	20227070	20227070	20227062	20227062	20227062
20227064	20227067	20227062	20227055	20227041	20227056	20227057	20227058	20227062	20227062
20227055	20227058	20227063	20227056	20227062	20227063	20227062	20227058	20227070	20227062
20227058	20227058	20227062	20227055	20227062	20227057	20227071	20227055	20227062	20227062
20227058	20227055	20227071	20227058	20227062	20227068	20227056	20227053	20227063	20227062
20227058	20227058	20227058	20227063	20227062	20227062	20227062	20227064	20227058	20227062
20227062	20227062	20227056	20227071	20227070	20227062	20227070	20227053	20227055	20227063
20227055	20227063	20227070	20227056	20227070	20227058	20227053	20227056	20227071	20227062
