20227058	20227070	20227063	20227071	20227062	20227064	20227067	20227057	20227070	20227056
20227062	20227058	20227070	20227062	20227062	20227062	20227064	20227062	20227062	20227058
20227070	20227064	20227067	20227055	20227070	20227058	20227062	20227058	20227062	20227070
20227062	20227057	20227063	20227062	20227052	20227057	20227070	20227067	20227058	20227071
20227055	20227055	20227054	20227058	20227058	20227062	20227070	20227058	20227056	20227062
20227058	20227056	20227058	20227056	20227062	20227062	20227050	20227058	20227058	20227062
20227063	20227056	20227051	20227062	20227062	20227055	20227058	20227054	20227058	20227056
20227070	20227071	20227054	20227067	20227062	20227056	20227070	20227055	20227070	20227058
20227050	20227058	20227056	20227067	20227055	20227064	20227062	20227056	20227062	20227056
20227058	20227062	20227068	20227062	20227063	20227060	20227062	20227062	20227062	20227053
20227062	20227062	20227068	20227062	20227062	20227070	20227062	20227056	20227063	20227063
20227054	20227067	20227055	20227052	20227068	20227053	20227056	20227062	20227064	20227062
20227062	20227062	20227058	20227070	20227058	20227058	20227058	20227070	20227056	20227058
20227039	20227062	20227062	20227071	20227055	20227054	20227055	20227062	20227070	20227062
20227058	20227062	20227062	20227063	20227062	20227056	20227056	20227064	20227058	20227062
20227062	20227056	20227071	20227068	20227062	20227055	20227071	20227064	20227058	20227062
20227055	20227064	20227071	20227062	20227070	20227062	20227063	20227055	20227055	20227058
20227058	20227053	20227055	20227056	20227062	20227062	20227068	20227062	20227058	20227062
20227062	20227062	20227057	20227055	20227058	20227062	20227070	20227058	20227055	20227062
20227070	20227055	20227062	20227071	20227062	20227055	20227062	20227070	20227062	20227062
20227053	20227062	20227062	20227062	20227062	20227056	20227070	20227049	20227062	20227056
20227062	20227056	20227063	20227062	20227055	20227062	20227062	20227058	20227064	20227070
20227070	20227058	20227056	20227063	20227062	20227052	20227062	20227058	20227067	20227064
20227056	20227054	20227056	20227062	20227054	20227071	20227058	20227055	20227054	20227058
20227067	20227056	20227064	20227056	20227051	20227058	20227058	20227062	20227070	20227070
20227071	20227055	20227062	20227067	20227063	20227058	20227064	20227055	20227070	20227070
20227062	20227063	20227055	20227058	20227062	20227055	20227065	20227062	20227058	20227068
20227058	20227067	20227058	20227070	20227054	20227062	20227062	20227058	20227058	20227067
20227062	20227063	20227062	20227053	20227067	20227062	20227050	20227056	20227062	20227055
20227062	20227055	20227062	20227055	20227070	20227067	20227067	20227070	20227062	20227062
20227054	20227056	20227062	20227062	20227063	20227064	20227050	20227058	20227055	20227064
20227058	20227062	20227070	20227062	20227058	20227064	20227071	20227058	20227058	20227055
20227063	20227056	20227058	20227062	20227070	20227055	20227055	20227062	20227064	20227057
20227053	20227062	20227062	20227062	20227056	20227062	20227064	20227057	20227062	20227063
20227068	20227062	20227056	20227068	20227053	20227062	20227056	20227070	20227058	20227071
20227058	20227056	20227063	20227071	20227071	20227062	20227058	20227058	20227070	20227062
20227070	20227070	20227068	20227058	20227068	20227058	20227055	20227062	20227054	20227063
20227068	20227062	20227056	20227058	20227071	20227070	20227054	20227062	20227055	20227070
20227062	20227055	20227054	20227055	20227070	20227056	20227058	20227064	20227063	20227056
20227054	20227056	20227062	20227056	20227055	20227071	20227062	20227055	20227063	20227062
20227070	20227062	20227071	20227062	20227057	20227065	20227064	20227070	20227055	20227058
20227070	20227056	20227062	20227068	20227053	20227050	20227058	20227064	20227058	20227062
20227062	20227055	20227062	20227063	20227058	20227062	20227062	20227070	20227056	20227055
20227070	20227062	20227062	20227062	20227062	20227062	20227063	20227070	20227062	20227062
20227055	20227070	20227033	20227071	20227070	20227062	20227062	20227062	20227056	20227062
20227062	20227058	20227070	20227062	20227054	20227055	20227063	20227062	20227068	20227062
20227062	20227056	20227056	20227058	20227052	20227067	20227067	20227054	20227062	20227071
20227062	20227064	20227062	20227066	20227070	20227056	20227062	20227056	20227056	20227062
20227062	20227062	20227058	20227062	20227062	20227062	20227058	20227070	20227063	20227058
20227062	20227055	20227068	20227056	20227062	20227057	20227068	20227062	20227068	20227068
20227058	20227062	20227054	20227058	20227063	20227062	20227055	20227064	20227071	20227058
20227062	20227062	20227070	20227056	20227058	20227062	20227067	20227063	20227062	20227058
20227070	20227056	20227062	20227062	20227056	20227071	20227054	20227062	20227056	20227058
20227050	20227062	20227058	20227056	20227056	20227063	20227054	20227062	20227062	20227058
20227063	20227056	20227062	20227062	20227056	20227058	20227064	20227058	20227062	20227058
20227062	20227071	20227058	20227050	20227062	20227062	20227055	20227058	20227062	20227055
20227055	20227064	20227071	20227055	20227062	20227062	20227062	20227063	20227067	20227067
20227062	20227053	20227071	20227055	20227053	20227050	20227064	20227058	20227070	20227054
20227056	20227058	20227070	20227070	20227062	20227062	20227071	20227060	20227062	20227062
20227058	20227070	20227056	20227054	20227058	20227052	20227062	20227062	20227055	20227058
20227062	20227062	20227062	20227062	20227062	20227070	20227062	20227071	20227062	20227070
20227070	20227058	20227054	20227070	20227064	20227055	20227062	20227070	20227062	20227064
20227058	20227056	20227064	20227066	20227058	20227058	20227064	20227053	20227054	20227056
20227055	20227058	20227055	20227053	20227062	20227068	20227064	20227068	20227062	20227070
20227053	20227058	20227057	20227058	20227056	20227062	20227055	20227063	20227058	20227062
20227056	20227062	20227058	20227056	20227042	20227058	20227063	20227062	20227062	20227062
20227062	20227056	20227055	20227055	20227056	20227056	20227066	20227071	20227058	20227062
20227056	20227068	20227062	20227055	20227070	20227056	20227064	20227063	20227056	20227064
20227058	20227062	20227056	20227062	20227068	20227062	20227070	20227062	20227055	20227055
20227070	20227062	20227056	20227062	20227050	20227062	20227063	20227062	20227058	20227062
20227062	20227062	20227062	20227062	20227062	20227071	20227058	20227058	20227071	20227062
20227071	20227056	20227067	20227070	20227055	20227071	20227041	20227062	20227058	20227064
20227054	20227070	20227062	20227064	20227062	20227053	20227071	20227055	20227064	20227062
20227071	20227062	20227056	20227067	20227062	20227071	20227052	20227064	20227055	20227053
20227062	20227036	20227062	20227055	20227063	20227050	20227067	20227070	20227071	20227056
20227063	20227056	20227062	20227056	20227058	20227062	20227062	20227033	20227062	20227062
20227056	20227057	20227062	20227068	20227055	20227053	20227070	20227056	20227068	20227070
20227058	20227056	20227062	20227062	20227052	20227070	20227052	20227070	20227055	20227063
20227056	20227062	20227054	20227062	20227068	20227062	20227068	20227055	20227062	20227056
20227062	20227062	20227053	20227071	20227058	20227070	20227062	20227064	20227062	20227056
20227070	20227055	20227062	20227071	20227064	20227047	20227062	20227064	20227062	20227062
20227070	20227058	20227054	20227055	20227055	20227056	20227062	20227064	20227058	20227070
20227049	20227052	20227070	20227062	20227058	20227053	20227058	20227068	20227071	20227054
20227054	20227068	20227062	20227070	20227062	20227070	20227056	20227071	20227071	20227064
20227062	20227058	20227058	20227067	20227070	20227058	20227062	20227056	20227049	20227058
20227063	20227062	20227058	20227058	20227063	20227053	20227062	20227055	20227053	20227062
20227056	20227071	20227064	20227057	20227056	20227062	20227067	20227055	20227062	20227062
20227056	20227071	20227062	20227055	20227062	20227055	20227062	20227055	20227056	20227067
20227058	20227070	20227071	20227062	20227052	20227055	20227070	20227062	20227056	20227062
20227062	20227056	20227056	20227064	20227058	20227062	20227064	20227066	20227062	20227055
20227058	20227053	20227058	20227071	20227062	20227055	20227071	20227063	20227062	20227054
20227070	20227055	20227064	20227056	20227056	20227062	20227062	20227067	20227062	20227070
20227070	20227067	20227071	20227062	20227053	20227056	20227057	20227062	20227062	20227055
20227062	20227055	20227062	20227063	20227062	20227062	20227062	20227062	20227056	20227058
20227062	20227070	20227064	20227055	20227064	20227058	20227062	20227057	20227070	20227048
20227053	20227071	20227055	20227062	20227062	20227050	20227058	20227055	20227053	20227055
20227053	20227068	20227058	20227068	20227052	20227062	20227064	20227033	20227062	20227056
20227056	20227058	20227070	20227058	20227058	20227055	20227058	20227049	20227062	20227062
20227058	20227056	20227071	20227070	20227070	20227062	20227058	20227070	20227062	20227057
20227062	20227062	20227070	20227053	20227056	20227056	20227052	20227055	20227068	20227056
20227068	20227064	20227055	20227071	20227058	20227058	20227058	20227071	20227062	20227062
20227056	20227062	20227053	20227056	20227070	20227070	20227062	20227055	20227064	20227062
20227064	20227062	20227062	20227055	20227068	20227056	20227056	20227062	20227058	20227070
20227053	20227058	20227062	20227071	20227042	20227062	20227058	20227064	20227064	20227058
20227058	20227062	20227058	20227064	20227070	20227062	20227058	20227056	20227070	20227052
20227064	20227058	20227055	20227068	20227062	20227062	20227056	20227055	20227070	20227056
20227056	20227062	20227070	20227062	20227053	20227062	20227063	20227055	20227038	20227071
20227058	20227064	20227062	20227062	20227056	20227055	20227055	20227058	20227063	20227071
20227071	20227062	20227058	20227058	20227062	20227068	20227067	20227062	20227056	20227058
20227056	20227055	20227055	20227055	20227070	20227062	20227055	20227054	20227064	20227062
20227062	20227068	20227058	20227056	20227062	20227056	20227064	20227070	20227053	20227063
20227062	20227068	20227067	20227056	20227062	20227062	20227063	20227062	20227062	20227062
20227063	20227058	20227064	20227071	20227062	20227070	20227053	20227062	20227056	20227062
20227067	20227039	20227058	20227058	20227063	20227062	20227062	20227070	20227071	20227034
20227056	20227056	20227055	20227055	20227062	20227058	20227050	20227062	20227071	20227056
20227058	20227070	20227054	20227055	20227062	20227058	20227055	20227071	20227062	20227068
20227071	20227070	20227033	20227062	20227055	20227070	20227071	20227055	20227067	20227062
20227062	20227058	20227071	20227068	20227062	20227070	20227062	20227071	20227058	20227058
20227058	20227062	20227062	20227058	20227063	20227055	20227062	20227063	20227056	20227064
20227068	20227052	20227062	20227058	20227055	20227053	20227063	20227056	20227058	20227062
20227070	20227062	20227062	20227062	20227057	20227062	20227071	20227062	20227070	20227062
20227070	20227062	20227064	20227055	20227068	20227058	20227071	20227058	20227070	20227064
20227058	20227055	20227055	20227063	20227062	20227068	20227058	20227071	20227056	20227064
20227041	20227062	20227062	20227055	20227062	20227058	20227056	20227062	20227055	20227062
20227055	20227071	20227062	20227058	20227054	20227062	20227070	20227062	20227062	20227062
20227056	20227062	20227057	20227055	20227053	20227070	20227060	20227058	20227062	20227070
20227053	20227062	20227067	20227058	20227070	20227056	20227062	20227062	20227071	20227055
20227056	20227062	20227062	20227062	20227056	20227071	20227070	20227063	20227058	20227068
20227062	20227062	20227058	20227055	20227062	20227055	20227062	20227058	20227062	20227070
20227062	20227055	20227062	20227056	20227064	20227051	20227062	20227062	20227070	20227070
20227058	20227054	20227070	20227062	20227058	20227055	20227053	20227056	20227070	20227062
20227062	20227056	20227053	20227062	20227062	20227067	20227058	20227062	20227062	20227062
20227071	20227070	20227062	20227056	20227054	20227057	20227056	20227056	20227062	20227070
20227062	20227068	20227062	20227060	20227056	20227055	20227058	20227062	20227062	20227054
20227067	20227062	20227053	20227052	20227055	20227062	20227058	20227062	20227055	20227058
20227054	20227062	20227071	20227067	20227056	20227070	20227070	20227055	20227062	20227055
20227056	20227062	20227054	20227063	20227064	20227063	20227062	20227062	20227062	20227058
20227058	20227062	20227062	20227062	20227055	20227062	20227058	20227062	20227062	20227062
20227066	20227055	20227071	20227058	20227055	20227062	20227063	20227062	20227062	20227055
20227062	20227067	20227062	20227062	20227055	20227062	20227055	20227062	20227064	20227067
20227058	20227068	20227062	20227055	20227062	20227064	20227071	20227070	20227062	20227056
20227058	20227067	20227058	20227055	20227058	20227062	20227062	20227067	20227058	20227055
20227056	20227062	20227062	20227058	20227055	20227071	20227055	20227055	20227062	20227058
20227058	20227062	20227053	20227050	20227064	20227062	20227070	20227063	20227062	20227070
20227062	20227063	20227070	20227058	20227070	20227058	20227058	20227056	20227066	20227055
20227064	20227064	20227058	20227056	20227062	20227062	20227067	20227062	20227063	20227062
20227054	20227055	20227052	20227058	20227058	20227070	20227056	20227071	20227058	20227055
20227062	20227062	20227062	20227056	20227062	20227068	20227056	20227058	20227062	20227062
20227041	20227067	20227055	20227058	20227058	20227053	20227062	20227056	20227058	20227070
20227062	20227062	20227067	20227054	20227063	20227055	20227062	20227056	20227062	20227058
20227062	20227058	20227062	20227054	20227058	20227062	20227054	20227062	20227062	20227064
20227071	20227062	20227055	20227067	20227055	20227056	20227042	20227054	20227055	20227062
20227071	20227062	20227055	20227064	20227062	20227071	20227063	20227062	20227070	20227058
20227062	20227062	20227062	20227056	20227056	20227055	20227058	20227038	20227067	20227071
20227062	20227062	20227062	20227064	20227070	20227070	20227057	20227062	20227058	20227062
20227033	20227070	20227062	20227058	20227056	20227070	20227054	20227062	20227062	20227058
20227062	20227058	20227064	20227071	20227062	20227055	20227062	20227062	20227033	20227068
20227056	20227056	20227071	20227071	20227062	20227068	20227058	20227055	20227064	20227062
20227062	20227062	20227058	20227055	20227067	20227062	20227055	20227053	20227070	20227055
20227063	20227068	20227056	20227055	20227058	20227071	20227062	20227062	20227058	20227058
20227055	20227062	20227064	20227070	20227058	20227056	20227068	20227055	20227062	20227053
20227063	20227038	20227055	20227070	20227055	20227058	20227058	20227056	20227058	20227064
20227064	20227058	20227055	20227056	20227056	20227062	20227054	20227058	20227067	20227062
20227062	20227056	20227070	20227056	20227058	20227055	20227058	20227070	20227053	20227062
20227070	20227055	20227054	20227070	20227064	20227070	20227062	20227058	20227055	20227062
20227041	20227056	20227070	20227055	20227071	20227062	20227036	20227055	20227057	20227070
20227067	20227049	20227064	20227062	20227055	20227055	20227062	20227062	20227062	20227055
20227062	20227056	20227064	20227070	20227058	20227062	20227056	20227062	20227064	20227055
20227056	20227054	20227070	20227070	20227062	20227058	20227070	20227057	20227058	20227056
20227062	20227062	20227058	20227062	20227062	20227062	20227070	20227070	20227062	20227058
20227062	20227062	20227062	20227062	20227055	20227062	20227068	20227056	20227071	20227055
20227071	20227062	20227056	20227066	20227071	20227062	20227062	20227050	20227056	20227058
20227052	20227056	20227055	20227063	20227062	20227055	20227071	20227062	20227071	20227064
20227056	20227071	20227068	20227050	20227062	20227070	20227054	20227058	20227064	20227055
20227058	20227056	20227062	20227070	20227058	20227057	20227062	20227056	20227064	20227070
20227063	20227056	20227062	20227062	20227064	20227056	20227067	20227064	20227055	20227064
20227058	20227070	20227062	20227071	20227064	20227058	20227053	20227056	20227062	20227062
20227056	20227062	20227058	20227062	20227071	20227062	20227056	20227064	20227062	20227065
20227062	20227062	20227062	20227070	20227071	20227056	20227062	20227068	20227056	20227058
20227070	20227056	20227062	20227071	20227056	20227041	20227056	20227071	20227049	20227070
